starname,ra_act,dec_act,x_img_my3,y_img_my3,x_act_my3,y_act_my3
alpha Aps,221.96514474094425,-79.0447494913737,283.6099853515625,1178.219970703125,279.31431021361755,1175.0577766312965
alpha Cir,220.6167979775984,-64.97855606418186,278.6000061035156,719.72998046875,277.0105289696619,715.6773918822003
alpha Lup,220.48245447118114,-47.38816844685872,264.4800109863281,131.10000610351562,266.0180288827805,125.56501402883521
alpha Mus,189.2956426966246,-69.13544240993923,627.9099731445312,926.030029296875,625.7645150788571,924.2905006003919
alpha Vol,135.61180710953008,-66.39616463216146,1087.550048828125,1382.1300048828125,1083.7813579930846,1383.9362364267377
alpha1 centaurus,219.90067172406194,-60.835359839545355,286.45001220703125,586.2899780273438,285.4655040315906,581.8917272989668
alpha1 crucis,186.64975937004945,-63.09902650621202,745.530029296875,775.6799926757812,744.4744491650259,774.284919310941
alpha2 centaurus,219.90067172406194,-60.835359839545355,286.44000244140625,586.2999877929688,285.4655040315906,581.8917272989668
alpha2 crucis,186.64975937004945,-63.09902650621202,745.489990234375,775.6699829101562,744.4744491650259,774.284919310941
beta Car,138.3003252806887,-69.71719495307075,971.27001953125,1375.7099609375,967.289989998322,1376.8405375220534
beta Cen,210.95605869481992,-60.372970442030166,430.67999267578125,582.280029296875,430.03626420065257,578.6829643286187
beta Cha,184.58599040717678,-79.31216971842449,503.739990234375,1234.1300048828125,499.5946828672247,1232.3264261075308
beta Cir,229.3784836077583,-58.801249237060546,117.5,528.9299926757812,116.491324154028,523.458491566408
beta Cru,191.93035864046823,-59.68869546169705,723.3200073242188,645.9400024414062,722.943925387955,644.1484487173848
beta Hya,178.22729696311058,-33.90791819254557,1435.449951171875,45.939998626708984,1440.0753333236967,46.8268745373407
beta Mus,191.57039290296333,-68.10816514078776,618.6199951171875,885.8499755859375,616.6754609151532,883.9815044960434
beta Vol,126.43411637251964,-66.13699796549479,1122.550048828125,1513.1099853515625,1118.1013283848702,1515.3783291211093
delta Cen,182.08971064522768,-50.72241717529297,1013.25,483.4800109863281,1014.4396521896466,482.9647037116121
delta Cir,229.23637884323486,-60.95741742960612,132.6699981689453,599.7999877929688,131.29017070885902,594.556957877511
delta Cru,183.78614005049457,-58.74883358764649,851.0800170898438,681.219970703125,850.7894808206532,680.2178279803558
delta Mus,195.56793912892974,-71.54891615804037,536.3300170898438,969.0800170898438,533.7317065594998,966.9154133286524
delta Oct,216.72858842312823,-83.66780301242405,311.8699951171875,1334.81005859375,306.7512361345812,1332.1182409327275
delta Vel,131.17596767640813,-54.70827854071723,1510.6199951171875,1382.0,1507.735520119304,1386.2071560076472
delta1 aps,245.08659031118498,-78.69580657280817,130.36000061035156,1213.7099609375,125.54398288404855,1209.7465629337466
delta1 chamaeleontis,161.31531038289378,-80.46972273084853,575.0999755859375,1354.25,570.4201523551649,1353.0948665642077
delta2 aps,245.1116404695278,-78.66733079020182,129.77000427246094,1212.9200439453125,124.96087511080623,1208.959903968531
delta2 chamaeleontis,161.4436648446503,-80.5402494913737,572.7899780273438,1355.1500244140625,568.110189699094,1353.9882407145583
epsilon Aps,215.59448488129303,-80.10888736300998,322.70001220703125,1211.8499755859375,318.29297365864954,1208.9743171781447
epsilon Car,125.62847110975814,-59.5095,1359.969970703125,1513.3199462890625,1356.027243774608,1516.9306329591393
epsilon Cen,204.9719728150377,-53.46630631849501,572.3499755859375,385.6300048828125,573.1226482467521,382.4048200330337
epsilon Cha,179.90521683012415,-78.22188939751518,548.27001953125,1219.719970703125,544.2976348051174,1218.1446743961283
epsilon Cir,229.41185326821497,-63.610498474121094,145.30999755859375,686.72998046875,143.48433212133887,681.7474986582038
epsilon Cru,185.3397773012286,-60.40122374810113,803.7000122070312,712.6300048828125,803.1280215463637,711.4332137510839
epsilon Mus,184.3922355739465,-67.96071917046442,694.6300048828125,920.9199829101562,692.6465034186896,919.5422018041736
epsilon TrA,234.17990871246207,-66.31719342719184,95.63999938964844,787.3900146484375,93.14581496988421,782.348708912254
eta Aps,214.55670759277604,-81.00761111111112,326.57000732421875,1242.449951171875,322.00716010930364,1239.6574325686752
eta Cha,130.33206603512306,-78.9634691704644,685.219970703125,1514.280029296875,679.8615129066535,1514.0695966983376
eta Cir,226.2006054007453,-64.0315313381619,195.6699981689453,694.3300170898438,193.89967887237708,689.6441090600767
eta Cru,181.72006478701158,-64.61366514078776,778.5700073242188,850.8099975585938,777.165391188104,849.7701316641198
eta Mus,198.8120609028493,-67.8946090766059,542.010009765625,848.9600219726562,540.10784875998,846.5795371932438
gamma Aps,248.3633485295512,-78.89705352105035,112.9800033569336,1231.25,108.02079367464785,1227.2233781590471
gamma Cen,190.37917099776772,-48.95963965182834,893.8599853515625,349.95001220703125,895.547712881458,348.46516844399343
gamma Cha,158.86673132159748,-78.60766514078776,633.7000122070312,1328.760009765625,629.286882380238,1327.8888110364378
gamma Cir,230.84455986929405,-59.32077676052517,94.55000305175781,549.6599731445312,93.37369872541285,544.100055484563
gamma Cru,187.79146419856744,-57.11319291856554,819.25,604.0800170898438,819.3234133388344,602.7294495365772
gamma Mus,188.11663966959622,-72.13294647894965,595.22998046875,1015.8400268554688,592.5089233641629,1014.1014877626753
gamma TrA,229.7273802831117,-68.67941412353515,170.88999938964844,850.9299926757812,168.1889491455372,846.4434499146475
iota Car,139.27250889830805,-59.275305301242405,1301.1199951171875,1262.8599853515625,1298.475396609321,1265.6340494473948
iota Cha,141.03807307452104,-80.78708282470703,613.1799926757812,1461.969970703125,607.9648480870247,1461.2492422006276
iota Cru,191.40779975015948,-60.98122273084852,713.8099975585938,685.780029296875,713.2008547694792,684.0172240515338
iota Lup,214.85091718538106,-46.05786034817166,399.67999267578125,97.37000274658203,401.6999016307009,92.52325267204128
iota Oct,193.74474417134934,-85.12327981228299,375.489990234375,1396.97998046875,370.1542688148272,1394.778641716574
iota1 musca,201.27989938240918,-74.88772018771701,452.0299987792969,1054.760009765625,448.77719354617807,1052.291898818611
kappa Cha,181.19350653664813,-76.51908689371744,572.9600219726562,1167.989990234375,569.333967001247,1166.4378651273253
kappa Cru,193.45445061879792,-60.37683155314128,693.030029296875,655.9099731445312,692.5507626400656,653.9585071695557
kappa Oct,205.23249196518165,-85.78597171359593,338.4200134277344,1411.77001953125,332.9264606279096,1409.3867398996997
kappa TrA,238.87300115168327,-68.6031095852322,56.790000915527344,877.5499877929688,53.70407871677389,872.4754179698948
kappa Vel,140.52852876839043,-55.01069444444445,1432.81005859375,1195.550048828125,1430.8316247332837,1198.9346087832578
kappa1 aps,232.87817532375408,-73.38960907660591,168.55999755859375,1009.7000122070312,164.9683669942683,1005.5396082850002
kappa1 lupus,227.99009908128576,-48.74366692097982,88.62999725341797,178.0800018310547,89.39839078693603,171.88201883349666
kappa2 aps,235.08836502720928,-73.44672323947482,147.6999969482422,1017.530029296875,144.02202295871302,1013.2627879787643
kappa2 lupus,227.9835542951962,-48.7378058098687,88.51000213623047,178.3000030517578,89.52485164326481,171.66196879200163
lambda Cen,173.94503962466914,-63.01974974568685,893.510009765625,875.7000122070312,892.2082279569845,875.3626730778583
lambda Cru,193.66310723423211,-59.146529557969835,705.010009765625,619.3900146484375,704.7606073880283,617.4322608071934
lambda Lup,227.2107621088843,-45.279805301242405,89.05000305175781,48.7400016784668,90.66625011539145,42.03253292117529
lambda Mus,176.40160907407477,-66.72869495307074,795.0900268554688,944.25,793.1894798695314,943.5000189728992
mu chameleon,150.18135431448184,-82.21466361490886,552.780029296875,1436.449951171875,547.589473044979,1435.3401454594764
mu1 crucis,193.65341295209947,-57.16822349378798,729.219970703125,562.8699951171875,729.3766468447925,560.6179049308779
mu2 crucis,193.6483887560307,-57.177779049343535,729.260009765625,562.5700073242188,729.3362000441693,560.9275702976022
nu Cha,146.58804841120494,-76.77605911593967,726.6300048828125,1377.1099853515625,722.13182033632,1376.8417521495635
nu1 lupus,230.53464862247418,-47.927890160454645,20.559999465942383,151.8300018310547,21.44868639116521,144.96545253387615
nu2 lupus,230.45082203274825,-48.317637871636286,25.530000686645508,166.1199951171875,26.348928447662274,159.30939318808487
omega Car,153.43423302052125,-70.03788838026259,892.77001953125,1216.81005859375,889.5389597657005,1217.1708302588138
omega Oct,227.7843861644706,-84.78755504692926,275.510009765625,1379.5,270.0677225667414,1376.6941080059428
omicron Hya,175.05331646872963,-34.74463914320204,1490.25,126.66000366210938,1494.5319027264688,128.0343358447368
omicron1 centaurus,172.94223590663074,-59.4422510172526,978.0499877929688,801.280029296875,977.3462378415595,801.2555365485935
omicron2 centaurus,172.95276338877483,-59.51566666666667,976.3900146484375,802.8900146484375,975.6891608858729,802.8629609873302
phi Vel,149.21560300095052,-54.56769342719184,1367.3599853515625,1031.93994140625,1366.187079397227,1034.6136070515172
pi Cen,170.25200384602743,-54.49100025431315,1118.4000244140625,717.0599975585938,1118.4817063141732,717.6475209140908
pi Cha,174.31445218688202,-75.89647018771701,626.6199951171875,1184.010009765625,623.0175623154927,1182.8015074570196
pi1 octantis,225.45891240485898,-83.22752828640408,276.79998779296875,1323.5,271.6817346909868,1320.578232461167
pi2 octantis,226.1944605506612,-83.03819393581814,273.0,1317.56005859375,267.8980171666999,1314.6122235692515
rho Cen,182.91302808023104,-52.3685537753635,970.9000244140625,519.25,971.7916729700827,518.575006397559
rho Lup,219.47158954303245,-49.42561238267687,289.32000732421875,204.9600067138672,290.50124049228543,199.72945841298326
rho Oct,235.82038873696328,-84.46524694824218,247.1699981689453,1376.6700439453125,241.68601470656768,1373.6960734304544
sigma Cen,187.01007755413792,-50.23077828640408,936.3400268554688,418.94000244140625,937.7165342283772,417.85541541875375
sigma Lup,218.1538670461057,-50.45700076293945,318.510009765625,242.9199981689453,319.53827026288127,237.9449574866601
tau Cen,189.42564689440374,-48.54122171359592,917.8800048828125,346.6400146484375,919.634784855337,345.29207496522866
tau1 lupus,216.53431117646954,-45.22138939751519,360.5400085449219,61.81999969482422,362.67722484458955,56.6736415850952
tau2 lupus,216.54505945661663,-45.37938710869683,360.05999755859375,67.5199966430664,362.16552711738404,62.381250258914974
theta Aps,211.3323743191273,-76.79672171359591,360.80999755859375,1102.489990234375,357.1025839488575,1099.6046257864787
theta Car,160.73885344726872,-64.39438685438368,990.02001953125,1039.43994140625,987.9944343315206,1039.9983282867004
theta Cir,224.18336232650933,-62.780833079020184,221.89999389648438,651.25,220.43234011149298,646.6279522383777
theta Mus,197.02916200039908,-65.3062530517578,589.530029296875,779.719970703125,588.1260217097855,777.4463483858262
theta Vol,129.7714257382932,-70.3868590766059,971.8499755859375,1481.7900390625,967.2714976259534,1483.149243280826
theta1 crucis,180.75646146608844,-63.312888125949435,812.010009765625,824.6900024414062,810.8183095596249,823.7846145110301
theta2 crucis,181.07983305909252,-63.16561263699002,810.8400268554688,818.3699951171875,809.6889937142846,817.4434406953678
upsilon Car,146.7779205323821,-65.07244342719184,1073.81005859375,1218.43994140625,1070.9106598722358,1219.8092706006282
upsilon1 centaurus,209.66986032032455,-44.80352701483832,527.3599853515625,75.19999694824219,529.7976080033914,71.02228502964533
upsilon2 centaurus,210.43092521647597,-45.603470696343315,505.4599914550781,99.45999908447266,507.704223045964,95.20741423549703
xi1 centaurus,195.88818205589104,-49.52733307902018,781.6599731445312,319.95001220703125,783.2683689901774,317.77503740092993
xi2 centaurus,196.72753025911376,-49.90616819254557,761.1500244140625,325.1600036621094,762.6780477644497,322.87068512881126
zeta Cen,208.8849075798462,-47.28830504692925,531.9500122070312,164.9499969482422,533.8866260112642,161.0051046423597
zeta Cha,143.471702025034,-80.94147323947483,604.4299926757812,1450.6600341796875,599.2635678083816,1449.8620061373729
zeta Cru,184.60880758948903,-64.00308333333334,755.8599853515625,814.0399780273438,754.609610401603,812.7892487828462
zeta Lup,228.0713552489765,-52.09913761732313,105.31999969482422,298.2799987792969,105.56884625033535,292.2204923667287
zeta1 musca,185.54947125067702,-68.3075308295356,677.5599975585938,923.3900146484375,675.525677378308,921.9289255373712
zeta2 musca,185.53081590242172,-67.522142449273,690.0900268554688,902.27001953125,688.1974635391582,900.8335404502359
